./torist
5
1000000000000000000
999999999999999999
999999999999999998
999999999999999997
999999999999999996
25
423539247696576512 711769623848288256 927942405962072064 963971202981036032 981985601490518016 990992800745259008 999859262511644672 999964815627911168 999982407813955584 999995601953488896 999997800976744448 999999450244186112 999999862561046528 999999931280523264 999999991410065408 999999995705032704 999999997852516352 999999999463129088 999999999932891136 999999999966445568 999999999983222784 999999999995805696 999999999997902848 999999999999737856 1000000000000000000
42
423539247696576511 711769623848288255 927942405962072063 963971202981036031 981985601490518015 990992800745259007 999859262511644671 999964815627911167 999982407813955583 999995601953488895 999997800976744447 999999450244186111 999999862561046527 999999931280523263 999999991410065407 999999995705032703 999999997852516351 999999999463129087 999999999932891135 999999999966445567 999999999983222783 999999999995805695 999999999997902847 999999999999868927 999999999999934463 999999999999967231 999999999999983615 999999999999991807 999999999999995903 999999999999997951 999999999999998975 999999999999999487 999999999999999743 999999999999999871 999999999999999935 999999999999999967 999999999999999983 999999999999999991 999999999999999995 999999999999999997 999999999999999998 999999999999999999
41
423539247696576510 711769623848288254 927942405962072062 963971202981036030 981985601490518014 990992800745259006 999859262511644670 999964815627911166 999982407813955582 999995601953488894 999997800976744446 999999450244186110 999999862561046526 999999931280523262 999999991410065406 999999995705032702 999999997852516350 999999999463129086 999999999932891134 999999999966445566 999999999983222782 999999999995805694 999999999997902846 999999999999868926 999999999999934462 999999999999967230 999999999999983614 999999999999991806 999999999999995902 999999999999997950 999999999999998974 999999999999999486 999999999999999742 999999999999999870 999999999999999934 999999999999999966 999999999999999982 999999999999999990 999999999999999994 999999999999999996 999999999999999998
41
423539247696576509 711769623848288253 927942405962072061 963971202981036029 981985601490518013 990992800745259005 999859262511644669 999964815627911165 999982407813955581 999995601953488893 999997800976744445 999999450244186109 999999862561046525 999999931280523261 999999991410065405 999999995705032701 999999997852516349 999999999463129085 999999999932891133 999999999966445565 999999999983222781 999999999995805693 999999999997902845 999999999999868925 999999999999934461 999999999999967229 999999999999983613 999999999999991805 999999999999995901 999999999999997949 999999999999998973 999999999999999485 999999999999999741 999999999999999869 999999999999999933 999999999999999965 999999999999999981 999999999999999989 999999999999999993 999999999999999996 999999999999999997
40
423539247696576508 711769623848288252 927942405962072060 963971202981036028 981985601490518012 990992800745259004 999859262511644668 999964815627911164 999982407813955580 999995601953488892 999997800976744444 999999450244186108 999999862561046524 999999931280523260 999999991410065404 999999995705032700 999999997852516348 999999999463129084 999999999932891132 999999999966445564 999999999983222780 999999999995805692 999999999997902844 999999999999868924 999999999999934460 999999999999967228 999999999999983612 999999999999991804 999999999999995900 999999999999997948 999999999999998972 999999999999999484 999999999999999740 999999999999999868 999999999999999932 999999999999999964 999999999999999980 999999999999999988 999999999999999992 999999999999999996


5
1000000000000000000
999999999999999999
999999999999999998
999999999999999997
999999999999999996
25
423539247696576512 711769623848288256 927942405962072064 963971202981036032 981985601490518016 990992800745259008 999859262511644672 999964815627911168 999982407813955584 999995601953488896 999997800976744448 999999450244186112 999999862561046528 999999931280523264 999999991410065408 999999995705032704 999999997852516352 999999999463129088 999999999932891136 999999999966445568 999999999983222784 999999999995805696 999999999997902848 999999999999737856 1000000000000000000 
42
423539247696576511 711769623848288255 927942405962072063 963971202981036031 981985601490518015 990992800745259007 999859262511644671 999964815627911167 999982407813955583 999995601953488895 999997800976744447 999999450244186111 999999862561046527 999999931280523263 999999991410065407 999999995705032703 999999997852516351 999999999463129087 999999999932891135 999999999966445567 999999999983222783 999999999995805695 999999999997902847 999999999999868927 999999999999934463 999999999999967231 999999999999983615 999999999999991807 999999999999995903 999999999999997951 999999999999998975 999999999999999487 999999999999999743 999999999999999871 999999999999999935 999999999999999967 999999999999999983 999999999999999991 999999999999999995 999999999999999997 999999999999999998 999999999999999999 
41
423539247696576510 711769623848288254 927942405962072062 963971202981036030 981985601490518014 990992800745259006 999859262511644670 999964815627911166 999982407813955582 999995601953488894 999997800976744446 999999450244186110 999999862561046526 999999931280523262 999999991410065406 999999995705032702 999999997852516350 999999999463129086 999999999932891134 999999999966445566 999999999983222782 999999999995805694 999999999997902846 999999999999868926 999999999999934462 999999999999967230 999999999999983614 999999999999991806 999999999999995902 999999999999997950 999999999999998974 999999999999999486 999999999999999742 999999999999999870 999999999999999934 999999999999999966 999999999999999982 999999999999999990 999999999999999994 999999999999999996 999999999999999998 
41
423539247696576509 711769623848288253 927942405962072061 963971202981036029 981985601490518013 990992800745259005 999859262511644669 999964815627911165 999982407813955581 999995601953488893 999997800976744445 999999450244186109 999999862561046525 999999931280523261 999999991410065405 999999995705032701 999999997852516349 999999999463129085 999999999932891133 999999999966445565 999999999983222781 999999999995805693 999999999997902845 999999999999868925 999999999999934461 999999999999967229 999999999999983613 999999999999991805 999999999999995901 999999999999997949 999999999999998973 999999999999999485 999999999999999741 999999999999999869 999999999999999933 999999999999999965 999999999999999981 999999999999999989 999999999999999993 999999999999999996 999999999999999997 
40
423539247696576508 711769623848288252 927942405962072060 963971202981036028 981985601490518012 990992800745259004 999859262511644668 999964815627911164 999982407813955580 999995601953488892 999997800976744444 999999450244186108 999999862561046524 999999931280523260 999999991410065404 999999995705032700 999999997852516348 999999999463129084 999999999932891132 999999999966445564 999999999983222780 999999999995805692 999999999997902844 999999999999868924 999999999999934460 999999999999967228 999999999999983612 999999999999991804 999999999999995900 999999999999997948 999999999999998972 999999999999999484 999999999999999740 999999999999999868 999999999999999932 999999999999999964 999999999999999980 999999999999999988 999999999999999992 999999999999999996
